ttft:[0.27207422256469727, 0.26505184173583984, 0.26448822021484375, 0.2639896869659424, 0.26349353790283203, 0.2625851631164551, 0.26209545135498047, 0.26162266731262207, 0.2612645626068115, 0.2609076499938965, 0.26059818267822266, 0.2601637840270996, 0.25977587699890137, 0.2594618797302246, 0.25911831855773926, 0.2585022449493408, 0.2580869197845459, 0.25775599479675293, 0.2573580741882324, 0.2570033073425293]
itl_3:0.02460660497233656
tpot:[0.02504873275756836, 0.02504873275756836, 0.02504873275756836, 0.02504873275756836]
itl_3:0.024608011245727538
itl_4:0.024911926005642383
tpot:[0.025712966918945312, 0.025712966918945312, 0.025712966918945312, 0.025712966918945312]
itl_0:0.02498447039480985
tpot:[0.02576422691345215]
itl_14:0.024997305346880588
tpot:[0.026286602020263672, 0.026286602020263672, 0.026286602020263672, 0.026286602020263672, 0.026286602020263672, 0.026286602020263672, 0.026286602020263672, 0.026286602020263672, 0.026286602020263672, 0.026286602020263672, 0.026286602020263672, 0.026286602020263672]
itl_10:0.02500053455955104
tpot:[0.025110244750976562, 0.025110244750976562, 0.025110244750976562, 0.025110244750976562, 0.025110244750976562, 0.025110244750976562, 0.025110244750976562, 0.025110244750976562]
itl_5:0.025001371090228743
tpot:[0.024967432022094727, 0.024967432022094727, 0.024967432022094727]
itl_17:0.02500120579006119
tpot:[0.025215864181518555, 0.025215864181518555, 0.025215864181518555, 0.025215864181518555, 0.025215864181518555, 0.025215864181518555, 0.025215864181518555, 0.025215864181518555, 0.025215864181518555, 0.025215864181518555, 0.025215864181518555, 0.025215864181518555]
itl_6:0.02499938553852087
tpot:[0.02475738525390625, 0.02475738525390625, 0.02475738525390625]
itl_2:0.02499880119820045
tpot:[0.024576425552368164, 0.024576425552368164]
itl_18:0.024997876489990786
tpot:[0.024595022201538086, 0.024595022201538086, 0.024595022201538086, 0.024595022201538086, 0.024595022201538086, 0.024595022201538086, 0.024595022201538086, 0.024595022201538086, 0.024595022201538086, 0.024595022201538086]
itl_15:0.02499606989952455
tpot:[0.02426767349243164, 0.02426767349243164, 0.02426767349243164, 0.02426767349243164, 0.02426767349243164, 0.02426767349243164, 0.02426767349243164, 0.02426767349243164]
itl_1:0.024993982042994228
tpot:[0.02462601661682129]
itl_8:0.02499074628506822
itl_11:0.02499074628506822
tpot:[0.022517681121826172, 0.022517681121826172]
tpot:[0.022517681121826172, 0.022517681121826172, 0.022517681121826172, 0.022517681121826172]
itl_7:0.02498340392861131
tpot:[0.022283315658569336]
itl_19:0.024978750499326793
tpot:[0.02267169952392578, 0.02267169952392578, 0.02267169952392578, 0.02267169952392578, 0.02267169952392578]
itl_16:0.024975108318641536
tpot:[0.02167654037475586, 0.02167654037475586, 0.02167654037475586, 0.02167654037475586]
itl_13:0.02496965726216634
tpot:[0.021754980087280273, 0.021754980087280273, 0.021754980087280273]
itl_12:0.02493729563237643
tpot:[0.040015220642089844, 0.040015220642089844]
itl_9:0.02489176318593269
tpot:[0.01957559585571289]
